3,2
3,1
3,3
10,258
10,94
10,192
10,220
10,242
10,280
10,266
10,66
11,8
11,4
11,24
11,20
11,28
9,6
9,4
8,9
8,4
43,3
43,2
43,1
43,0
42,5
42,4
42,3
42,2
42,1
42,0
39,4
39,3
39,2
39,1
39,0
37,6
37,5
37,4
37,3
37,2
37,1
37,0
20,3
20,2
20,1
19,3
19,2
19,1
12,3
12,2
12,1
11,29
11,27
11,25
11,23
11,21
11,19
11,17
11,15
11,13
11,11
11,9
11,7
11,5
11,3
11,2
11,1
10,311
10,301
10,297
10,279
10,267
10,245
10,215
10,211
10,177
10,141
10,135
10,133
18,1
10,113
10,111
18,3
10,103
10,99
10,91
10,87
10,81
10,35
10,31
14,1
10,5
14,3
10,3
13,1
10,2
13,3
10,1
9,7
9,5
9,3
